
P_CV_J = [0; 0; 0.8152; 0.9617; 0; 0; 0.9774; 0.9704; 1.0000; 0.9677; ...
          1.0000; 0.9747; 0.9234; 0; 0; 0; 0; 0; 0.9119; 0.9156; ...
          0.6985; 0.9564; 0.8607; 0.9202; 0; 0.9615; 0; 0; 0.9640; 0; ...
          0; 0.8510; 0.8923; 0.9497; 0; 0.8981; 0.8187; 0; 0; 0; ...
          0; 0; 0; 0.7395; 0; 0.2179; 0.6804; 0.4430; 0.4336; 0.4821; ...
          0.6199; 0; 0.4078; 0; 0.7669; 0; 0.8376; 0.8243; 0.6131; 0.6707; ...
          0.8892; 0.8438; 0.7724; 0.8580; 0; 0.6870; 0.3699; 0.6063; 0; 0.3984; ...
          0; 0; 0; 0.7135; 0.1122; 0.7189; 0.7414; 0; 0.7107; 0; ...
          0; 0.3885; 0; 0; 0; 0.9469; 0; 0.9564; 0; 0; ...
          0.5956; 0.7374; 0; 0; 0.6518; 0; 0; 0; 0.7833; 0.7360; ...
          0 0.6534; 0.8472; 0; 0; 0.6364;  0.8556; 0; 0; 0; ...
          0; 0; 0; 0.2781; 0.9369; 0.9214; 0; 0; 0.8965; 0.4389; ...
          0; 0; 0.7617; 0.9920; 0; 0; 0; 0.6785; 0; 0; ...
          0; 0.9288; 0; 0.8905]

Mean 0.3945 Std 0.4074

P_CMA_J = [0; 0; 0.3917; 0.9617; 0; 0; 0.9744; 0.9704; 1.0000; 0.9677; ...
    1.0000; 0.9747; 0.9220; 0; 0; 1.0000; 0; 0; 0.9781; 0.9068; ...
    0.6888; 0.9524; 0.8607; 0.9101; 0; 0.9615; 0.3395; 0; 0.9535; 0; ...
    0; 0.8255; 0.8845; 0.9497; 0; 0.8931; 0.8105; 0; 0; 0; ...
    0; 0.1322; 0; 0.6659; 0.6561; 0; 0.5306; 0.2908; 0.4053; 0.4821; ...
    0; 0.3508; 0.4006; 0.3224; 0; 0.6450; 0.8691; 0.9060; 0.6608; 0.7490; ...
    0.9265; 0.8601; 0.6261; 0.7744; 0; 0.6222; 0; 0.5559; 0.3450; 0; ...
    0; 0.4214; 0; 0; 0; 0.7481; 0.7580; 0; 0.7473; 0.5087; ...
    0.6075; 0; 0; 0; 0; 0.8570; 0; 0.8872; 0; 0.8756; ...
    0; 0; 0; 0.3472; 0; 0; 0; 0; 0.6660; 0.3494; ...
    0.5544; 0; 0.6944; 0.5731; 0; 0; 0.7211; 0; 0.3922; 0.7779; ...
    0; 0.7726; 0; 0; 0.7974; 0.7883; 0.4502; 0.6020; 0.8965; 0.4389; ...
    0.8185; 0; 0.7180; 0.9348; 0.6178; 0; 0; 0; 0; 0; ...
    0; 0; 0; 0];

Mean 0.3968 Std 0.3903

%%%%%%%%%%%%%%%%%%%%%%%%%%%%%%%%%%%%%%%%%%%%%%%%%%%%%%%%%%%%%%%%%%%%%%%%%%%%


P_CMA_D = [ 0; 0; 0.6815; 0.9839; 0; 0; 0.9878; 0.9853; 1.0000; 0.9840; ...
    1.0000; 0.9884; 0.9613; 0; 0; 1.0000; 0; 0; 0.9911; 0.9521; ...
    0.8661; 0.9768; 0.9323; 0.9557; 0; 0.9825; 0.6009; 0; 0.9771; 0; ...
    0; 0.9104; 0.9481; 0.9749; 0; 0.9463; 0.9124; 0; 0; 0; ...
    0; 0.2400; 0; 0.8217; 0.8166; 0; 0.7272; 0.5163; 0.6625; 0.7212; ...
    0; 0.6007; 0.6133; 0.4983; 0; 0.7880; 0.9353; 0.9608; 0.8054; 0.8653; ...
    0.9635; 0.9281; 0.7774; 0.8832; 0; 0.7878; 0; 0.7479; 0.5319; 0; ...
    0; 0.6237; 0; 0; 0; 0.8637; 0.8727; 0; 0.8685; 0.7056; ...
    0.7833; 0; 0; 0; 0; 0.9298; 0; 0.9587; 0; 0.9346; ...
    0; 0; 0; 0.5911; 0; 0; 0; 0; 0.8284; 0.5267; ...
    0.7439; 0; 0.8336; 0.7679; 0; 0; 0.8418; 0; 0.6765; 0.8803; ... 
    0; 0.8781; 0; 0; 0.9010; 0.8882; 0.6733; 0.7748; 0.9502; 0.6406; ...
    0.9188; 0; 0.8408; 0.9693; 0.7826; 0; 0; 0; 0; 0; ...
    0; 0; 0; 0];

Mean 0.4637 Std 0.4287


   P_CV_D = [0;0;0.9048;0.9839;0;0;0.9893;0.9853;1.0000;0.9840;1.0000;0.9884;0.9621;0;0;0;0;0;0.9620;0.9566;0.8706; ...
    0.9787;0.9323;0.9604;0;0.9825;0;0;0.9823;0;0;0.9244;0.9515;0.9749;0;0.9491;0.9168;0;0;0;0;0;0;0.8642;0;0.3976;0.8314;0.6694;0.6863; ...
    0.7212;0.7806;0;0.6191;0;0.8773;0;0.9180;0.9220;0.7752;0.8190;0.9436;0.9199;0.8759;0.9312;0;0.8314;0.6086;0.7837;0;0.6304;0;0;0; ...
    0.8399;0.2554;0.8443;0.8620;0;0.8450;0;0;0.5737;0;0;0;0.9744;0;0.9825;0;0;0.8095;0.8562;0;0;0.8142;0;0;0;0.8948;0.8677;0;0.8204; ...
    0.9281;0;0;0.7873;0.9233;0;0;0;0;0;0;0.4687;0.9698;0.9620;0;0;0.9502;0.6406;0;0;0.8671;0.9961;0;0;0;0.8434;0;0;0;0.9692;0;0.9458];


Mean 0.4480 Std 0.4432

%%%%%%%%%%%%%%%%%%%%%%%%%%%%%%%%%%%%%%%%%%%%%%%%%%%%%%%%%%%%%%%%%%%%%%%%%%%%%%%%%

   M_CV_D = [0;0.2910;0.7551;0.9919;0.9939;0.7372;0.9511;0.9934;0.8626;0.8854;0.9765;0.5498;0;0.9623;0.8846;0.9432;0.9407;0.9456;0.9190; ...
    0.9033;0.9366; 0.9434;0.9633;0.9753;0.9764;0.8007;0.9414;0.9711;0.9649;0.9680;0.9611;0.9301;0.9666;0.9449;0.8445;0.9516;0.6825;...
    0.9635;0.9452; 0.9167;0.8612;0.9404;0.9606;0.9051;0.9101;0.9133;0.9793;0.8339;0.8646;0.9655;0.9856;0.9559;0;0.8144;0.5661; ...
    0;0;0;.8918;0.7923;0;0.9801;0.9716;0.8839;0.9338;0.9618;0.9825;0.9931;0.9866;0.9931;0.9742;0.9212;0.9384;0.9390;0.9406;0.9528];

Mean 0.8227 Std 0.2862

M_CMA_D = [00.8321;0;0.9912;0.9875;0.7746;0.9470;0.9937;0.8571;0.8781;0.9756;0.4652;0.5351;0.9443;0.8096;0.9202;0.9142;0.9243; ...
    0.8902;0.8106;0.8486;0.7975;0.9233;0.8020;0;0.6315;0.8738;0.9798;0.9767;0.9873;0.9408;0.8829;0.9493;0.9196;0.7473;0.9223; ...
    0.5408;0.9376;0.9090;0.8645;0.8192;0.9403;0.9614;0.9140;0.7212;0.7134;0.9643;0.7458;0.7488;0.9063;0.9366;0.8548;0.5433; ...
    0.9491;0.8140;0.7709;0.3682;0.7185;0;0.9273;0.6959;0.9571;0.9209;0.6320;0.9094;0.9257;0.9774;0.9789;0.9674;0.9703;0.9541; ...
    0.6825;0.9680;0;0;0];

Mean 0.7729 Std 0.2808


M_CMA_J = [0;0.6979;0;0.9819;0.9747;0.5699;0.8860;0.9870;0.7354;0.7375;0.9510; ...
    0.2238;0.3242;0.8909;0.6403;0.8374;0.8281;0.8397;0.7808;0.6456;0.7024;0.6537;0.8377;0.6385;0;0.4232;0.7606;0.9560;0.9521;0.9733;0.8742;0.7831; ...
    0.8980;0.8412;0.5193;0.8422;0.3456;0.8577;0.8156;0.7363;0.6798;0.8818;0.9235;0.8305; 0.5004; 0.4596;0.9262;0.5584;0.5638;0.8067; 0.8754;0.7257; ...
    0.2596;0.9014;0.6764;0.5656;0.2049;0.5152;0;0.8321;.4831;0.9136;0.8328;0.4120;0.7672;0.8466;0.9488;0.9549;0.9276;0.9366;0.8956;0.5027;0.9220;0;0;0];

Mean 0.6707 Std 0.2893


  M_CV_J = [0;0.1608;0.5751;0.9834;0.9877;0.4844;0.8921;0.9863;0.7447;0.7553;0.9528;0.2779; ...
         0;0.9253;0.7709;0.8837;0.8826;0.8864;0.8407;0.8005;0.8651;0.8872;0.9236;0.9500;0.9487;0.6266;0.8808;0.9382;0.9285;0.9321; 0.9176;0.8661; ...
    0.9324;0.8880;0.7049;0.9026;0.5013;0.9153;0.8819;0.8241;0.7477;0.8803;0.9218;0.8162;0.8193;0.8190;0.9565;0.6939;0.7342;0.9259;0.9708;0.9076;0; ...
    0.6729;0.3776;0;0;0;0.7581;0.6166;0;0.9590;0.9371;0.7306;0.8377;0.9200;0.9611;0.9853;0.9727;0.9848;0.9420;0.8457;0.8506;0.8785;0.8704;0.9087];

Mean 0.7527 Std 0.2885

%%%%%%%%%%%%%%%%%%%%%%%%%%%%%%%%%%%%%%%%%%%%%%%%%%%%%%%%%%%%%%%%%%%%%%%%%%%%%%%%%%%%%%%%%%%%%%%%%%%%%%%%%%%%%%%%%%%%%%%%%%%%%%%%%%%%%%%%%%

   G_CV_J = [0.8629;0.9710;0.9424;0.6136;0.7951;0.9741;0.9619;0.9830;0.9792;0.8173; 0.8150;0.9743;0.9128; ...
    0.8985;0.8870;0.8702;0.9960;0.9580;0.9516;0.8620;0.9691;0.9395;0.9688;0.9632;0.9241;0.9482;0.9513;0.9079;0.8140;0.9090;0.8744;0.9327;0.9971;0.9293;0.7721]

Mean 0.9093 St 0.0795


   G_CMA_J = [0.5500;0.6107;0.3785;0.1581;0.3482;0.9717;0.9604;0.9831;0.9781;0.7327;0.7707;0.8853;0.7940;0.7794;0.7283; ...
    0.7064;0.9982;0.9344;0.9217;0.8351;0.9698;0.9419;0.9284;0.9159;0.8451;0.8949;0.8997;0.9740;0.9408;0.9090;0.7975;0.9327;0.9890;0.3719;0.7291];

Mean 0.8018 Std 0.2112


  G_CMA_D = [0.7404;0.7654;0.5616;0.3305;0.5357;0.9870;0.9812;0.9923;0.9893;0.8535;0.8861;0.9431;0.8902;0.8846;0.8649; ...
    0.8399;0.9991;0.9681;0.9638;0.9131;0.9850;0.9718;0.9664;0.9578;0.9185;0.9482;0.9506;0.9873;0.9706;0.9537;0.9016;0.9692;0.9948;0.5441;0.8522];

Mean 0.8789 Std 0.1574

 G_CV_D = [0.9326;0.9859;0.9705;0.7963;0.8880;0.9882;0.9819;0.9922;0.9898;0.9054;0.9104;0.9875;0.9562;0.9497;0.9482; ...
    0.9352;0.9980;0.9796;0.9781;0.9279;0.9847;0.9706;0.9853;0.9817;0.9616;0.9748;0.9758;0.9580;0.9059;0.9537;0.9409;0.9692;0.9986;0.9638;0.8739]

Mean 0.9543 Std 0.0422




